---
- l: Under 4
  f_mean: 6476190.476190476
  median: 6500000.0
  f_25: 5500000.0
  f_75: 7500000.0
  response_count: 42
- l: 4 - 7
  f_mean: 10785714.285714285
  median: 9000000.0
  f_25: 7500000.0
  f_75: 12000000.0
  response_count: 14
- l: 8 - 11
- l: 12 and over
