---
- l: Under 3
  f_mean: 6142857.142857143
  median: 6000000.0
  f_25: 4750000.0
  f_75: 7500000.0
  response_count: 70
- l: 3 - 5
  f_mean: 8834782.608695652
  median: 7500000.0
  f_25: 6500000.0
  f_75: 9500000.0
  response_count: 115
- l: 6 - 8
  f_mean: 11890625.0
  median: 10500000.0
  f_25: 6500000.0
  f_75: 15500000.0
  response_count: 96
- l: 9 and over
  f_mean: 14564766.839378238
  median: 12500000.0
  f_25: 9500000.0
  f_75: 18500000.0
  response_count: 193
