---
- l: Under 3
  f_mean: 5045454.545454546
  median: 5500000.0
  f_25: 3500000.0
  f_75: 6500000.0
  response_count: 22
- l: 3 - 5
  f_mean: 6851351.3513513515
  median: 6500000.0
  f_25: 5500000.0
  f_75: 8500000.0
  response_count: 37
- l: 6 - 8
  f_mean: 10161764.705882354
  median: 8500000.0
  f_25: 5750000.0
  f_75: 12250000.0
  response_count: 34
- l: 9 and over
  f_mean: 13250000.0
  median: 12500000.0
  f_25: 9500000.0
  f_75: 16750000.0
  response_count: 32
