---
- l: Under 4
- l: 4 - 7
  f_mean: 9200000.0
  median: 8500000.0
  f_25: 7500000.0
  f_75: 10000000.0
  response_count: 10
- l: 8 - 11
  f_mean: 13727272.727272727
  median: 12500000.0
  f_25: 8000000.0
  f_75: 17000000.0
  response_count: 11
- l: 12 and over
  f_mean: 13772727.272727273
  median: 12500000.0
  f_25: 9500000.0
  f_75: 19000000.0
  response_count: 11
