---
- l: Men
  f_mean: 11364495.798319329
  median: 9000000.0
  f_25: 6500000.0
  f_75: 13500000.0
  response_count: 476
- l: Women
  f_mean: 8117647.05882353
  median: 6500000.0
  f_25: 4500000.0
  f_75: 9500000.0
  response_count: 51
