---
- l: Under 4
  f_mean: 6907407.407407408
  median: 7500000.0
  f_25: 5500000.0
  f_75: 7500000.0
  response_count: 27
- l: 4 - 7
  f_mean: 9801886.79245283
  median: 8500000.0
  f_25: 6500000.0
  f_75: 11500000.0
  response_count: 53
- l: 8 - 11
  f_mean: 16500000.0
  median: 13500000.0
  f_25: 9500000.0
  f_75: 25750000.0
  response_count: 38
- l: 12 and over
  f_mean: 15381818.181818182
  median: 13500000.0
  f_25: 10000000.0
  f_75: 21000000.0
  response_count: 55
