---
- l: Under 4
  f_mean: 6909090.909090909
  median: 6500000.0
  f_25: 5500000.0
  f_75: 8250000.0
  response_count: 66
- l: 4 - 7
  f_mean: 9991379.310344828
  median: 8500000.0
  f_25: 6500000.0
  f_75: 11500000.0
  response_count: 116
- l: 8 - 11
  f_mean: 15056250.0
  median: 13500000.0
  f_25: 8250000.0
  f_75: 19750000.0
  response_count: 80
- l: 12 and over
  f_mean: 14860759.493670886
  median: 12500000.0
  f_25: 9500000.0
  f_75: 20000000.0
  response_count: 79
